type: action card
text: draw 1 card
image: 148 9 163 52 55 103 218 170 166 188 236 251 231 85 201 177 227 176 143 28 4 56 208 202 17 223 11 129 65 13 97 14 40 15 249 57 231 184 165 220 225 121 174 73 237 142 86 139 156 1 142 166 208 154 28 154 220 229 15 97 1 235 36 239 189 29 241 19 159 107 159 123 14 147 127 9 189 118 235 97
copies: 1

type: action card
text: draw 2 cards
image: 157 117 73 190 217 144 88 36 39 27 199 15 53 235 166 203 148 60 193 51 191 251 88 28 201 83 134 14 205 178 24 171 243 136 125 196 134 207 144 78 72 110 66 20 205 43 175 1 180 45 249 193 23 98 226 154 18 97 255 6 156 51 201 43 204 28 241 117 137 149 186 128 208 50 168 227 103 128 160 54
copies: 1

type: point card
text: 25
image: 173 4 5 64 4 199 85 192 255 192 48 59 38 176 165 3 78 254 213 179 28 8 173 32 74 134 9 175 77 22 133 121 112 1 244 26 230 27 148 229 228 83 184 224 240 146 202 90 255 216 210 102 44 27 141 73 147 153 248 194 203 185 251 122 136 255 157 240 236 7 201 140 84 193 209 16 110 52 137 157
copies: 3

type: action card
text: play 1 card
image: 150 252 42 23 21 230 213 104 246 187 213 85 168 55 205 99 102 44 107 230 235 100 72 47 84 194 210 232 70 205 237 70 173 148 230 19 226 50 87 47 140 161 67 63 132 227 167 116 148 81 167 191 1 252 237 108 176 129 25 152 128 143 89 214 177 184 147 99 202 241 35 74 56 79 174 157 155 251 148 86
copies: 1

type: action card
text: play 2 cards
image: 61 140 167 56 187 21 32 19 60 8 215 151 84 185 178 115 121 90 161 228 37 27 143 93 215 126 82 251 9 95 74 94 116 179 81 158 14 250 65 33 255 67 184 58 112 73 165 220 200 157 203 206 172 3 127 231 49 21 204 227 127 137 68 171 35 225 183 29 107 45 62 194 163 248 232 22 6 18 236 236
copies: 1

shuffle: 0
